19.11.24-22:30:00;2;0.508000;231.699997;6340.335938;6664.994141;298.304993;146.751999;19.11.24-22:25:03;6184.924805
19.11.24-22:40:00;2;0.480000;231.000000;6340.335938;6665.077148;298.304993;146.751999;19.11.24-22:34:59;6184.924805
19.11.24-22:50:00;2;0.426000;230.399994;6340.335938;6665.149902;298.304993;146.751999;19.11.24-22:49:59;6184.924805
19.11.24-23:00:00;2;0.547000;231.899994;6340.335938;6665.243164;298.304993;146.751999;19.11.24-22:54:58;6184.945801
19.11.24-23:10:00;2;0.900000;229.199997;6340.335938;6665.335938;298.304993;146.751999;19.11.24-23:05:03;6185.175781
19.11.24-23:20:00;2;0.453000;232.100006;6340.335938;6665.412109;298.304993;146.751999;19.11.24-23:16:55;6185.175781
19.11.24-23:30:00;2;0.487000;233.399994;6340.335938;6665.487793;298.304993;146.751999;19.11.24-23:25:00;6185.175781
19.11.24-23:40:00;2;0.576000;233.300003;6340.335938;6665.577148;298.304993;146.751999;19.11.24-23:35:04;6185.175781
19.11.24-23:50:00;2;0.247000;234.699997;6340.335938;6665.624023;298.304993;146.751999;19.11.24-23:46:49;6185.175781
20.11.24-00:00:00;2;0.317000;235.100006;6340.335938;6665.668945;298.304993;146.751999;19.11.24-23:55:01;6185.175781
20.11.24-00:10:00;2;0.176000;234.600006;6340.335938;6665.708984;298.304993;146.751999;20.11.24-00:05:03;6185.175781
20.11.24-00:20:00;2;0.276000;234.399994;6340.335938;6665.740234;298.304993;146.751999;20.11.24-00:19:59;6185.175781
20.11.24-00:30:00;2;0.203000;233.600006;6340.335938;6665.777832;298.304993;146.751999;20.11.24-00:25:07;6185.175781
20.11.24-00:40:00;2;0.205000;235.199997;6340.335938;6665.814941;298.304993;146.751999;20.11.24-00:35:02;6185.175781
20.11.24-00:50:00;2;0.210000;234.500000;6340.335938;6665.849121;298.304993;146.751999;20.11.24-00:45:27;6185.175781
20.11.24-01:00:00;2;0.204000;237.100006;6340.335938;6665.882812;298.304993;146.751999;20.11.24-00:55:03;6185.175781
20.11.24-01:10:00;2;0.227000;235.500000;6340.335938;6665.930176;298.304993;146.751999;20.11.24-01:05:07;6185.175781
20.11.24-01:20:00;2;0.163000;237.000000;6340.335938;6665.962891;298.304993;146.751999;20.11.24-01:16:07;6185.175781
20.11.24-01:30:00;2;0.168000;236.399994;6340.335938;6665.991211;298.304993;146.751999;20.11.24-01:25:06;6185.175781
20.11.24-01:40:00;2;0.193000;237.399994;6340.335938;6666.020996;298.304993;146.751999;20.11.24-01:40:00;6185.175781
20.11.24-01:50:00;2;0.313000;233.899994;6340.335938;6666.055176;298.304993;146.751999;20.11.24-01:45:13;6185.175781
20.11.24-02:00:00;2;0.204000;235.100006;6340.335938;6666.099121;298.304993;146.751999;20.11.24-01:55:07;6185.175781
20.11.24-02:10:00;2;0.223000;233.500000;6340.335938;6666.133789;298.304993;146.751999;20.11.24-02:10:00;6185.175781
20.11.24-02:20:00;2;4.651000;225.399994;6340.335938;6666.270996;298.304993;146.751999;20.11.24-02:20:00;6185.175781
20.11.24-02:30:00;2;4.574000;225.100006;6340.335938;6667.042969;298.304993;146.751999;20.11.24-02:25:06;6185.175781
20.11.24-02:40:00;2;4.702000;225.600006;6340.335938;6667.807129;298.304993;146.751999;20.11.24-02:35:02;6185.175781
20.11.24-02:50:00;2;4.513000;223.399994;6340.335938;6668.573242;298.304993;146.751999;20.11.24-02:45:19;6185.175781
20.11.24-03:00:00;2;4.604000;225.500000;6340.335938;6669.335938;298.304993;146.751999;20.11.24-02:55:04;6185.175781
20.11.24-03:10:00;2;4.580000;224.899994;6340.335938;6670.100098;298.304993;146.751999;20.11.24-03:05:03;6185.175781
20.11.24-03:20:00;2;4.565000;224.100006;6340.335938;6670.867188;298.304993;146.751999;20.11.24-03:16:33;6185.175781
20.11.24-03:30:00;2;4.601000;225.500000;6340.335938;6671.629883;298.304993;146.751999;20.11.24-03:25:08;6185.175781
20.11.24-03:40:00;2;4.534000;224.699997;6340.335938;6672.396973;298.304993;146.751999;20.11.24-03:35:07;6185.175781
20.11.24-03:50:00;2;4.555000;224.199997;6340.335938;6673.160156;298.304993;146.751999;20.11.24-03:45:45;6185.175781
20.11.24-04:00:00;2;4.635000;226.699997;6340.335938;6673.916016;298.304993;146.751999;20.11.24-03:55:06;6185.175781
20.11.24-04:10:00;2;4.597000;225.699997;6340.335938;6674.684082;298.304993;146.751999;20.11.24-04:05:04;6185.175781
20.11.24-04:20:00;2;4.634000;226.000000;6340.335938;6675.455078;298.304993;146.751999;20.11.24-04:16:45;6185.175781
20.11.24-04:30:00;2;4.608000;225.500000;6340.335938;6676.232910;298.304993;146.751999;20.11.24-04:25:06;6185.175781
20.11.24-04:40:00;2;4.630000;225.000000;6340.335938;6677.001953;298.304993;146.751999;20.11.24-04:35:06;6185.175781
20.11.24-04:50:00;2;4.618000;225.500000;6340.335938;6677.770020;298.304993;146.751999;20.11.24-04:46:57;6185.175781
20.11.24-05:00:00;2;4.577000;225.899994;6340.335938;6678.533203;298.304993;146.751999;20.11.24-04:55:04;6185.175781
20.11.24-05:10:00;2;4.642000;223.500000;6340.335938;6679.296875;298.304993;146.751999;20.11.24-05:05:01;6185.175781
20.11.24-05:20:00;2;4.759000;225.500000;6340.335938;6680.080078;298.304993;146.751999;20.11.24-05:16:01;6185.569824
20.11.24-05:30:00;2;4.589000;224.600006;6340.335938;6680.851074;298.304993;146.751999;20.11.24-05:25:03;6185.627930
20.11.24-05:40:00;2;4.581000;224.300003;6340.335938;6681.615234;298.304993;146.751999;20.11.24-05:35:03;6185.627930
20.11.24-05:50:00;2;4.652000;223.500000;6340.335938;6682.380859;298.304993;146.751999;20.11.24-05:46:21;6185.634766
20.11.24-06:00:00;1;4.649000;225.199997;6340.335938;6683.149902;298.304993;146.751999;20.11.24-05:54:59;6185.981934
20.11.24-06:10:00;1;4.708000;223.800003;6341.107910;6683.149902;298.304993;146.751999;20.11.24-06:05:04;6186.455078
20.11.24-06:20:00;1;4.663000;224.800003;6341.882812;6683.149902;298.304993;146.751999;20.11.24-06:20:00;6187.089844
20.11.24-06:30:00;1;4.683000;225.300003;6342.661133;6683.149902;298.304993;146.751999;20.11.24-06:25:01;6187.270020
20.11.24-06:40:00;1;4.613000;223.699997;6343.437988;6683.149902;298.304993;146.751999;20.11.24-06:35:08;6187.590820
20.11.24-06:50:00;1;4.655000;223.800003;6344.208984;6683.149902;298.304993;146.751999;20.11.24-06:49:59;6187.994141
20.11.24-07:00:00;1;0.234000;232.500000;6344.300781;6683.149902;298.304993;146.751999;20.11.24-06:55:03;6188.087891
20.11.24-07:10:00;1;0.260000;232.300003;6344.344238;6683.149902;298.304993;146.751999;20.11.24-07:05:06;6188.087891
20.11.24-07:20:00;1;0.277000;234.300003;6344.386230;6683.149902;298.304993;146.751999;20.11.24-07:15:51;6188.087891
20.11.24-07:30:00;1;0.379000;232.500000;6344.453125;6683.149902;298.304993;146.751999;20.11.24-07:25:01;6188.319824
20.11.24-07:40:00;1;4.686000;224.199997;6345.077148;6683.149902;298.304993;146.751999;20.11.24-07:39:59;6188.877930
20.11.24-07:50:00;1;4.776000;222.800003;6345.851074;6683.149902;298.304993;146.751999;20.11.24-07:45:18;6188.891113
20.11.24-08:00:00;1;0.261000;232.500000;6345.908203;6683.149902;298.304993;146.751999;20.11.24-07:55:06;6188.891113
20.11.24-08:10:00;1;0.369000;234.800003;6345.952148;6683.149902;298.304993;146.751999;20.11.24-08:04:59;6189.015137
20.11.24-08:20:00;1;0.252000;231.000000;6346.004883;6683.149902;298.304993;146.751999;20.11.24-08:15:38;6189.446777
20.11.24-08:30:00;1;0.259000;228.300003;6346.048828;6683.149902;298.304993;146.751999;20.11.24-08:25:00;6189.630859
20.11.24-08:40:00;1;0.222000;230.300003;6346.086914;6683.149902;298.304993;146.751999;20.11.24-08:35:01;6189.630859
20.11.24-08:50:00;1;0.231000;230.300003;6346.125000;6683.149902;298.304993;146.751999;20.11.24-08:50:00;6189.630859
20.11.24-09:00:00;1;0.287000;228.500000;6346.180176;6683.149902;298.304993;146.751999;20.11.24-08:55:02;6189.630859
20.11.24-09:10:00;1;0.233000;228.500000;6346.224121;6683.149902;298.304993;146.751999;20.11.24-09:09:59;6189.630859
20.11.24-09:20:00;1;0.265000;229.100006;6346.265137;6683.149902;298.304993;146.751999;20.11.24-09:16:36;6189.630859
20.11.24-09:30:00;1;0.333000;230.300003;6346.312012;6683.149902;298.304993;146.751999;20.11.24-09:25:03;6189.630859
20.11.24-09:40:00;1;0.197000;230.600006;6346.363770;6683.149902;298.304993;146.751999;20.11.24-09:35:06;6189.630859
20.11.24-09:50:00;1;0.004000;231.100006;6346.375000;6683.149902;298.304993;146.751999;20.11.24-09:46:14;6189.630859
20.11.24-10:00:00;1;0.000000;234.100006;6346.375000;6683.149902;298.312988;146.751999;20.11.24-09:55:05;6189.649902
20.11.24-10:10:00;1;0.000000;233.500000;6346.375000;6683.149902;298.339996;146.751999;20.11.24-10:05:04;6190.079102
20.11.24-10:20:00;1;0.000000;234.600006;6346.375000;6683.149902;298.364014;146.751999;20.11.24-10:16:40;6190.190918
20.11.24-10:30:00;1;0.000000;232.899994;6346.375000;6683.149902;298.445007;146.751999;20.11.24-10:25:00;6190.190918
20.11.24-10:40:00;1;0.496000;231.300003;6346.381836;6683.149902;298.528015;146.751999;20.11.24-10:35:02;6190.190918
20.11.24-10:50:00;1;0.000000;240.300003;6346.421875;6683.149902;298.558014;146.751999;20.11.24-10:46:32;6190.251953
20.11.24-11:00:00;1;0.000000;241.600006;6346.421875;6683.149902;298.601013;146.751999;20.11.24-10:55:02;6190.648926
20.11.24-11:10:00;1;0.000000;241.899994;6346.421875;6683.149902;298.661011;146.751999;20.11.24-11:05:05;6191.119141
20.11.24-11:20:00;1;0.000000;239.399994;6346.421875;6683.149902;298.700012;146.751999;20.11.24-11:15:50;6191.182129
20.11.24-11:30:00;1;0.070000;238.000000;6346.421875;6683.149902;298.765015;146.751999;20.11.24-11:25:04;6191.182129
20.11.24-11:40:00;1;0.000000;239.000000;6346.422852;6683.149902;298.802002;146.751999;20.11.24-11:39:59;6191.182129
20.11.24-11:50:00;1;0.000000;240.699997;6346.422852;6683.149902;298.868988;146.751999;20.11.24-11:45:48;6191.182129
20.11.24-12:00:00;1;0.000000;238.500000;6346.425781;6683.149902;298.903992;146.751999;20.11.24-11:54:59;6191.182129
20.11.24-12:10:00;1;0.000000;245.000000;6346.434082;6683.149902;298.914001;146.751999;20.11.24-12:05:01;6191.182129
20.11.24-12:20:00;1;0.124000;233.300003;6346.434082;6683.149902;298.936005;146.751999;20.11.24-12:15:36;6191.182129
20.11.24-12:30:00;1;0.124000;240.500000;6346.478027;6683.149902;298.936005;146.751999;20.11.24-12:24:58;6191.182129
20.11.24-12:40:00;1;0.000000;239.199997;6346.479980;6683.149902;299.018005;146.751999;20.11.24-12:39:59;6191.182129
20.11.24-12:50:00;1;0.000000;234.300003;6346.487793;6683.149902;299.039001;146.751999;20.11.24-12:46:08;6191.182129
20.11.24-13:00:00;1;1.344000;226.500000;6346.501953;6683.149902;299.088013;146.751999;20.11.24-12:54:59;6191.182129
20.11.24-13:10:00;1;0.000000;237.000000;6346.684082;6683.149902;299.089996;146.751999;20.11.24-13:05:04;6191.350098
20.11.24-13:20:00;1;0.000000;239.300003;6346.694824;6683.149902;299.194000;146.751999;20.11.24-13:16:34;6191.895020
20.11.24-13:30:00;1;0.000000;239.500000;6346.694824;6683.149902;299.278992;146.751999;20.11.24-13:25:01;6192.261230
20.11.24-13:40:00;1;0.000000;238.399994;6346.694824;6683.149902;299.363007;146.751999;20.11.24-13:35:06;6192.359863
20.11.24-13:50:00;1;0.000000;236.399994;6346.704102;6683.149902;299.376007;146.751999;20.11.24-13:50:00;6192.820801
20.11.24-14:00:00;1;0.000000;234.300003;6346.705078;6683.149902;299.449005;146.751999;20.11.24-13:54:59;6192.820801
20.11.24-14:10:00;1;0.000000;236.500000;6346.705078;6683.149902;299.600006;146.751999;20.11.24-14:05:03;6192.820801
20.11.24-14:20:00;1;0.156000;238.600006;6346.706055;6683.149902;299.690002;146.751999;20.11.24-14:16:14;6192.933105
20.11.24-14:30:00;1;0.192000;235.899994;6346.740234;6683.149902;299.699005;146.751999;20.11.24-14:25:01;6193.263184
20.11.24-14:40:00;1;0.082000;236.800003;6346.757812;6683.149902;299.700012;146.751999;20.11.24-14:39:59;6193.437988
20.11.24-14:50:00;1;0.051000;235.800003;6346.763184;6683.149902;299.717987;146.751999;20.11.24-14:50:00;6193.437988
20.11.24-15:00:00;1;0.178000;232.800003;6346.770020;6683.149902;299.751007;146.751999;20.11.24-14:55:04;6193.437988
20.11.24-15:10:00;1;0.234000;234.600006;6346.815918;6683.149902;299.751007;146.751999;20.11.24-15:05:03;6193.509766
20.11.24-15:20:00;1;0.384000;233.899994;6346.871094;6683.149902;299.751007;146.751999;20.11.24-15:19:59;6194.088867
20.11.24-15:30:00;1;0.291000;234.399994;6346.916992;6683.149902;299.751007;146.751999;20.11.24-15:25:06;6194.088867
20.11.24-15:40:00;1;0.250000;234.899994;6346.962891;6683.149902;299.751007;146.751999;20.11.24-15:39:58;6194.088867
20.11.24-15:50:00;1;0.258000;232.899994;6347.013184;6683.149902;299.751007;146.751999;20.11.24-15:46:32;6194.088867
20.11.24-16:00:00;1;0.365000;232.100006;6347.058105;6683.149902;299.751007;146.751999;20.11.24-15:55:03;6194.246094
20.11.24-16:10:00;1;0.382000;234.899994;6347.127930;6683.149902;299.751007;146.751999;20.11.24-16:05:06;6194.444824
20.11.24-16:20:00;1;0.376000;230.000000;6347.173828;6683.149902;299.751007;146.751999;20.11.24-16:16:58;6194.667969
20.11.24-16:30:00;1;0.444000;234.899994;6347.250977;6683.149902;299.751007;146.751999;20.11.24-16:25:05;6194.667969
20.11.24-16:40:00;1;0.579000;233.600006;6347.335938;6683.149902;299.751007;146.751999;20.11.24-16:40:00;6194.928223
20.11.24-16:50:00;1;0.571000;232.500000;6347.435059;6683.149902;299.751007;146.751999;20.11.24-16:46:08;6195.178223
20.11.24-17:00:00;1;0.505000;233.300003;6347.514160;6683.149902;299.751007;146.751999;20.11.24-16:55:07;6195.403809
20.11.24-17:10:00;1;0.756000;232.000000;6347.632812;6683.149902;299.751007;146.751999;20.11.24-17:05:05;6195.403809
20.11.24-17:20:00;1;0.635000;230.199997;6347.747070;6683.149902;299.751007;146.751999;20.11.24-17:16:48;6195.403809
20.11.24-17:30:00;1;0.612000;230.600006;6347.852051;6683.149902;299.751007;146.751999;20.11.24-17:25:06;6195.404785
20.11.24-17:40:00;1;3.813000;222.899994;6348.133789;6683.149902;299.751007;146.751999;20.11.24-17:35:03;6195.771973
20.11.24-17:50:00;1;3.009000;225.899994;6348.631836;6683.149902;299.751007;146.751999;20.11.24-17:46:16;6196.159180
20.11.24-18:00:00;1;2.835000;223.100006;6348.916992;6683.149902;299.751007;146.751999;20.11.24-17:55:03;6196.329102
20.11.24-18:10:00;1;2.643000;224.800003;6349.160156;6683.149902;299.751007;146.751999;20.11.24-18:05:07;6196.329102
20.11.24-18:20:00;1;1.045000;225.899994;6349.411133;6683.149902;299.751007;146.751999;20.11.24-18:15:10;6196.329102
20.11.24-18:30:00;1;1.116000;226.399994;6349.710938;6683.149902;299.751007;146.751999;20.11.24-18:24:58;6196.329102
20.11.24-18:40:00;1;0.983000;229.300003;6349.932129;6683.149902;299.751007;146.751999;20.11.24-18:35:01;6196.716797
20.11.24-18:50:00;1;0.919000;224.899994;6350.087891;6683.149902;299.751007;146.751999;20.11.24-18:45:32;6197.062012
20.11.24-19:00:00;1;0.886000;224.100006;6350.237793;6683.149902;299.751007;146.751999;20.11.24-18:55:06;6197.062012
20.11.24-19:10:00;1;0.859000;224.500000;6350.396973;6683.149902;299.751007;146.751999;20.11.24-19:04:59;6197.062012
20.11.24-19:20:00;1;0.794000;227.199997;6350.529785;6683.149902;299.751007;146.751999;20.11.24-19:16:08;6197.062012
20.11.24-19:30:00;1;0.797000;227.100006;6350.666016;6683.149902;299.751007;146.751999;20.11.24-19:25:03;6197.062012
20.11.24-19:40:00;1;0.872000;229.199997;6350.807129;6683.149902;299.751007;146.751999;20.11.24-19:34:59;6197.119141
20.11.24-19:50:00;1;0.976000;227.500000;6350.956055;6683.149902;299.751007;146.751999;20.11.24-19:46:38;6197.649902
20.11.24-20:00:00;1;0.590000;231.600006;6351.090820;6683.149902;299.751007;146.751999;20.11.24-19:55:04;6197.836914
20.11.24-20:10:00;1;0.569000;235.699997;6351.193848;6683.149902;299.751007;146.751999;20.11.24-20:05:04;6197.836914
20.11.24-20:20:00;1;0.688000;233.800003;6351.296875;6683.149902;299.751007;146.751999;20.11.24-20:15:18;6197.836914
20.11.24-20:30:00;1;0.678000;230.699997;6351.401855;6683.149902;299.751007;146.751999;20.11.24-20:25:05;6198.240234
20.11.24-20:40:00;1;0.504000;233.000000;6351.497070;6683.149902;299.751007;146.751999;20.11.24-20:40:00;6198.470215
20.11.24-20:50:00;1;0.546000;235.500000;6351.583984;6683.149902;299.751007;146.751999;20.11.24-20:46:21;6198.470215
20.11.24-21:00:00;2;0.592000;231.100006;6351.672852;6683.149902;299.751007;146.751999;20.11.24-20:54:58;6198.470215
20.11.24-21:10:00;2;0.677000;229.100006;6351.672852;6683.252930;299.751007;146.751999;20.11.24-21:10:00;6198.859863
20.11.24-21:20:00;2;0.535000;229.199997;6351.672852;6683.353027;299.751007;146.751999;20.11.24-21:19:59;6199.275879
20.11.24-21:30:00;2;0.460000;232.800003;6351.672852;6683.433105;299.751007;146.751999;20.11.24-21:25:06;6199.275879
20.11.24-21:40:00;2;0.513000;233.699997;6351.672852;6683.516113;299.751007;146.751999;20.11.24-21:35:02;6199.275879
20.11.24-21:50:00;2;0.642000;233.500000;6351.672852;6683.602051;299.751007;146.751999;20.11.24-21:46:23;6199.275879
20.11.24-22:00:00;2;0.519000;231.500000;6351.672852;6683.699219;299.751007;146.751999;20.11.24-21:54:58;6199.275879
20.11.24-22:10:00;2;0.607000;229.399994;6351.672852;6683.791016;299.751007;146.751999;20.11.24-22:09:58;6199.275879
20.11.24-22:20:00;2;0.237000;230.199997;6351.672852;6683.842773;299.751007;146.751999;20.11.24-22:19:58;6199.275879
20.11.24-22:30:00;2;0.186000;231.000000;6351.672852;6683.878906;299.751007;146.751999;20.11.24-22:25:02;6199.275879
20.11.24-22:40:00;2;0.185000;230.100006;6351.672852;6683.919922;299.751007;146.751999;20.11.24-22:35:05;6199.275879
20.11.24-22:50:00;2;0.231000;232.000000;6351.672852;6683.951172;299.751007;146.751999;20.11.24-22:46:37;6199.275879
20.11.24-23:00:00;2;0.221000;231.300003;6351.672852;6683.991211;299.751007;146.751999;20.11.24-22:54:59;6199.275879
20.11.24-23:10:00;2;0.218000;231.800003;6351.672852;6684.027832;299.751007;146.751999;20.11.24-23:05:03;6199.275879
20.11.24-23:20:00;2;0.356000;233.600006;6351.672852;6684.073242;299.751007;146.751999;20.11.24-23:15:27;6199.275879
20.11.24-23:30:00;2;0.245000;231.600006;6351.672852;6684.119141;299.751007;146.751999;20.11.24-23:24:59;6199.275879
20.11.24-23:40:00;2;0.162000;232.500000;6351.672852;6684.154785;299.751007;146.751999;20.11.24-23:35:04;6199.275879
20.11.24-23:50:00;2;0.167000;232.699997;6351.672852;6684.182129;299.751007;146.751999;20.11.24-23:46:29;6199.275879
21.11.24-00:00:00;2;0.199000;233.800003;6351.672852;6684.212891;299.751007;146.751999;20.11.24-23:54:59;6199.275879
21.11.24-00:10:00;2;0.203000;232.300003;6351.672852;6684.255859;299.751007;146.751999;21.11.24-00:05:04;6199.275879
21.11.24-00:20:00;2;0.204000;234.000000;6351.672852;6684.290039;299.751007;146.751999;21.11.24-00:15:17;6199.275879
21.11.24-00:30:00;2;0.223000;234.399994;6351.672852;6684.326172;299.751007;146.751999;21.11.24-00:25:07;6199.275879
21.11.24-00:40:00;2;0.204000;234.100006;6351.672852;6684.359863;299.751007;146.751999;21.11.24-00:35:00;6199.275879
21.11.24-00:50:00;2;0.168000;235.300003;6351.672852;6684.393066;299.751007;146.751999;21.11.24-00:46:25;6199.275879
21.11.24-01:00:00;2;0.182000;233.899994;6351.672852;6684.432129;299.751007;146.751999;21.11.24-00:55:03;6199.275879
21.11.24-01:10:00;2;0.158000;234.699997;6351.672852;6684.459961;299.751007;146.751999;21.11.24-01:05:01;6199.275879
21.11.24-01:20:00;2;0.199000;233.600006;6351.672852;6684.490234;299.751007;146.751999;21.11.24-01:15:41;6199.275879
21.11.24-01:30:00;2;0.219000;234.699997;6351.672852;6684.523926;299.751007;146.751999;21.11.24-01:25:03;6199.275879
21.11.24-01:40:00;2;0.197000;233.800003;6351.672852;6684.559082;299.751007;146.751999;21.11.24-01:35:02;6199.275879
21.11.24-01:50:00;2;0.238000;234.100006;6351.672852;6684.604980;299.751007;146.751999;21.11.24-01:45:59;6199.275879
21.11.24-02:00:00;2;0.215000;234.699997;6351.672852;6684.645020;299.751007;146.751999;21.11.24-01:55:02;6199.275879
21.11.24-02:10:00;2;0.164000;235.699997;6351.672852;6684.676758;299.751007;146.751999;21.11.24-02:05:06;6199.275879
21.11.24-02:20:00;2;0.157000;234.100006;6351.672852;6684.703125;299.751007;146.751999;21.11.24-02:16:21;6199.275879
21.11.24-02:30:00;2;0.200000;235.600006;6351.672852;6684.732910;299.751007;146.751999;21.11.24-02:25:00;6199.275879
21.11.24-02:40:00;2;0.201000;237.199997;6351.672852;6684.778809;299.751007;146.751999;21.11.24-02:35:05;6199.275879
21.11.24-02:50:00;2;0.209000;237.899994;6351.672852;6684.812012;299.751007;146.751999;21.11.24-02:45:17;6199.275879
21.11.24-03:00:00;2;0.205000;234.300003;6351.672852;6684.847168;299.751007;146.751999;21.11.24-02:55:02;6199.275879
21.11.24-03:10:00;2;0.156000;234.500000;6351.672852;6684.882812;299.751007;146.751999;21.11.24-03:05:05;6199.275879
21.11.24-03:20:00;2;0.166000;234.199997;6351.672852;6684.910156;299.751007;146.751999;21.11.24-03:15:29;6199.275879
21.11.24-03:30:00;2;0.157000;234.199997;6351.672852;6684.946777;299.751007;146.751999;21.11.24-03:25:00;6199.275879
21.11.24-03:40:00;2;0.224000;234.300003;6351.672852;6684.979004;299.751007;146.751999;21.11.24-03:35:01;6199.275879
21.11.24-03:50:00;2;0.205000;235.199997;6351.672852;6685.014160;299.751007;146.751999;21.11.24-03:46:15;6199.275879
21.11.24-04:00:00;2;0.206000;234.300003;6351.672852;6685.047852;299.751007;146.751999;21.11.24-03:55:01;6199.275879
21.11.24-04:10:00;2;0.223000;235.199997;6351.672852;6685.083984;299.751007;146.751999;21.11.24-04:05:06;6199.275879
21.11.24-04:20:00;2;0.298000;233.699997;6351.672852;6685.125977;299.751007;146.751999;21.11.24-04:16:21;6199.275879
21.11.24-04:30:00;2;0.190000;234.100006;6351.672852;6685.161133;299.751007;146.751999;21.11.24-04:25:04;6199.275879
21.11.24-04:40:00;2;0.254000;232.600006;6351.672852;6685.198242;299.751007;146.751999;21.11.24-04:35:04;6199.334961
21.11.24-04:50:00;2;4.673000;223.500000;6351.672852;6685.491211;299.751007;146.751999;21.11.24-04:45:29;6199.831055
21.11.24-05:00:00;2;4.671000;223.399994;6351.672852;6686.269043;299.751007;146.751999;21.11.24-04:55:06;6200.282227
21.11.24-05:10:00;2;4.726000;223.600006;6351.672852;6687.046875;299.751007;146.751999;21.11.24-05:09:59;6200.942871
21.11.24-05:20:00;2;4.594000;222.399994;6351.672852;6687.827148;299.751007;146.751999;21.11.24-05:16:55;6201.082031
21.11.24-05:30:00;2;4.602000;222.800003;6351.672852;6688.595215;299.751007;146.751999;21.11.24-05:25:00;6201.136230
21.11.24-05:40:00;2;4.610000;224.600006;6351.672852;6689.362793;299.751007;146.751999;21.11.24-05:35:05;6201.596191
21.11.24-05:50:00;2;4.671000;224.500000;6351.672852;6690.134766;299.751007;146.751999;21.11.24-05:46:43;6202.014160
21.11.24-06:00:00;1;4.635000;223.500000;6351.672852;6690.916992;299.751007;146.751999;21.11.24-05:55:08;6202.257812
21.11.24-06:10:00;1;4.599000;224.600006;6352.436035;6690.916992;299.751007;146.751999;21.11.24-06:05:05;6202.481934
21.11.24-06:20:00;1;0.209000;231.000000;6352.541016;6690.916992;299.751007;146.751999;21.11.24-06:16:59;6202.481934
21.11.24-06:30:00;1;0.260000;232.800003;6352.581055;6690.916992;299.751007;146.751999;21.11.24-06:25:06;6202.481934
21.11.24-06:40:00;1;0.276000;231.899994;6352.637207;6690.916992;299.751007;146.751999;21.11.24-06:35:03;6202.848145
21.11.24-06:50:00;1;0.420000;231.000000;6352.688965;6690.916992;299.751007;146.751999;21.11.24-06:45:47;6203.250977
21.11.24-07:00:00;1;4.707000;224.600006;6352.878906;6690.916992;299.751007;146.751999;21.11.24-06:55:03;6203.400879
21.11.24-07:10:00;1;4.624000;220.000000;6353.646973;6690.916992;299.751007;146.751999;21.11.24-07:09:59;6203.400879
21.11.24-07:20:00;1;4.861000;224.100006;6354.496094;6690.916992;299.751007;146.751999;21.11.24-07:16:51;6203.540039
21.11.24-07:30:00;1;0.614000;232.699997;6354.946777;6690.916992;299.751007;146.751999;21.11.24-07:24:59;6203.625977
21.11.24-07:40:00;1;0.438000;233.800003;6355.029785;6690.916992;299.751007;146.751999;21.11.24-07:35:08;6204.047852
21.11.24-07:50:00;1;0.330000;234.199997;6355.104980;6690.916992;299.751007;146.751999;21.11.24-07:46:37;6204.490234
21.11.24-08:00:00;1;0.340000;233.100006;6355.158203;6690.916992;299.751007;146.751999;21.11.24-07:55:00;6204.490234
21.11.24-08:10:00;1;0.188000;231.500000;6355.191895;6690.916992;299.751007;146.751999;21.11.24-08:05:03;6204.490234
21.11.24-08:20:00;1;2.069000;227.399994;6355.279785;6690.916992;299.751007;146.751999;21.11.24-08:15:19;6204.490234
21.11.24-08:30:00;1;2.144000;226.500000;6355.637207;6690.916992;299.751007;146.751999;21.11.24-08:25:05;6204.490234
21.11.24-08:40:00;1;0.413000;232.000000;6355.785156;6690.916992;299.751007;146.751999;21.11.24-08:35:05;6204.490234
21.11.24-08:50:00;1;0.324000;230.399994;6355.840820;6690.916992;299.751007;146.751999;21.11.24-08:45:23;6204.491211
21.11.24-09:00:00;1;0.287000;228.399994;6355.893066;6690.916992;299.751007;146.751999;21.11.24-08:55:04;6204.491211
21.11.24-09:10:00;1;0.308000;231.500000;6355.939941;6690.916992;299.751007;146.751999;21.11.24-09:05:01;6204.491211
21.11.24-09:20:00;1;2.192000;228.000000;6356.008789;6690.916992;299.751007;146.751999;21.11.24-09:15:37;6204.491211
21.11.24-09:30:00;1;0.191000;233.899994;6356.193848;6690.916992;299.751007;146.751999;21.11.24-09:25:04;6204.730957
21.11.24-09:40:00;1;0.227000;233.800003;6356.226074;6690.916992;299.751007;146.751999;21.11.24-09:35:00;6204.730957
21.11.24-09:50:00;1;0.200000;235.100006;6356.257812;6690.916992;299.751007;146.751999;21.11.24-09:50:00;6204.730957
21.11.24-10:00:00;1;0.179000;233.800003;6356.290039;6690.916992;299.751007;146.751999;21.11.24-09:54:59;6204.730957
21.11.24-10:10:00;1;0.154000;232.800003;6356.317871;6690.916992;299.751007;146.751999;21.11.24-10:05:05;6204.730957
21.11.24-10:20:00;1;0.123000;230.100006;6356.351074;6690.916992;299.751007;146.751999;21.11.24-10:16:54;6204.730957
21.11.24-10:30:00;1;0.108000;229.500000;6356.371094;6690.916992;299.751007;146.751999;21.11.24-10:25:07;6204.730957
21.11.24-10:40:00;1;0.150000;226.399994;6356.396973;6690.916992;299.751007;146.751999;21.11.24-10:40:00;6204.730957
21.11.24-10:50:00;1;0.147000;226.000000;6356.419922;6690.916992;299.751007;146.751999;21.11.24-10:46:42;6204.730957
21.11.24-11:00:00;1;0.163000;231.300003;6356.451172;6690.916992;299.751007;146.751999;21.11.24-10:55:00;6204.730957
21.11.24-11:10:00;1;0.151000;225.199997;6356.486816;6690.916992;299.751007;146.751999;21.11.24-11:09:59;6204.730957
21.11.24-11:20:00;1;0.216000;225.300003;6356.516113;6690.916992;299.751007;146.751999;21.11.24-11:16:24;6204.730957
21.11.24-11:30:00;1;0.168000;225.000000;6356.555176;6690.916992;299.751007;146.751999;21.11.24-11:25:00;6204.976074
21.11.24-11:40:00;1;0.116000;227.100006;6356.578125;6690.916992;299.751007;146.751999;21.11.24-11:34:58;6205.442871
21.11.24-11:50:00;1;0.092000;230.000000;6356.597168;6690.916992;299.751007;146.751999;21.11.24-11:46:16;6205.560059
21.11.24-12:00:00;1;0.223000;230.800003;6356.626953;6690.916992;299.751007;146.751999;21.11.24-11:54:59;6205.560059
21.11.24-12:10:00;1;0.071000;233.600006;6356.642090;6690.916992;299.751007;146.751999;21.11.24-12:05:06;6205.560059
21.11.24-12:20:00;1;0.062000;228.600006;6356.654785;6690.916992;299.751007;146.751999;21.11.24-12:16:42;6205.560059
21.11.24-12:30:00;1;0.075000;229.800003;6356.666016;6690.916992;299.751007;146.751999;21.11.24-12:25:06;6205.560059
21.11.24-12:40:00;1;0.063000;229.800003;6356.675781;6690.916992;299.751007;146.751999;21.11.24-12:39:58;6205.560059
21.11.24-12:50:00;1;0.027000;230.000000;6356.694824;6690.916992;299.751007;146.751999;21.11.24-12:49:58;6205.560059
21.11.24-13:00:00;1;0.019000;234.100006;6356.695801;6690.916992;299.751007;146.751999;21.11.24-12:54:58;6205.560059
21.11.24-13:10:00;1;0.013000;234.600006;6356.704102;6690.916992;299.751007;146.751999;21.11.24-13:05:00;6205.560059
21.11.24-13:20:00;1;0.000000;237.399994;6356.704102;6690.916992;299.755005;146.751999;21.11.24-13:20:00;6206.150879
21.11.24-13:30:00;1;0.000000;235.300003;6356.704102;6690.916992;299.781006;146.751999;21.11.24-13:25:02;6206.387207
21.11.24-13:40:00;1;0.000000;235.300003;6356.704102;6690.916992;299.804993;146.751999;21.11.24-13:35:06;6206.537109
21.11.24-13:50:00;1;0.000000;235.699997;6356.704102;6690.916992;299.832001;146.751999;21.11.24-13:50:00;6206.537109
21.11.24-14:00:00;1;0.000000;234.300003;6356.704102;6690.916992;299.859985;146.751999;21.11.24-13:55:00;6206.537109
21.11.24-14:10:00;1;0.000000;232.899994;6356.704102;6690.916992;299.877991;146.751999;21.11.24-14:10:00;6206.537109
21.11.24-14:20:00;1;0.000000;234.600006;6356.704102;6690.916992;299.888000;146.751999;21.11.24-14:16:00;6206.537109
21.11.24-14:30:00;1;0.000000;235.000000;6356.705078;6690.916992;299.894989;146.751999;21.11.24-14:24:59;6206.537109
21.11.24-14:40:00;1;0.000000;234.399994;6356.705078;6690.916992;299.915985;146.751999;21.11.24-14:35:04;6206.537109
21.11.24-14:50:00;1;0.000000;234.699997;6356.705078;6690.916992;299.929993;146.751999;21.11.24-14:49:58;6206.537109
21.11.24-15:00:00;1;0.039000;234.100006;6356.706055;6690.916992;299.933990;146.751999;21.11.24-14:55:06;6206.645020
21.11.24-15:10:00;1;0.008000;232.399994;6356.716797;6690.916992;299.933990;146.751999;21.11.24-15:05:03;6207.117188
21.11.24-15:20:00;1;0.058000;234.300003;6356.740234;6690.916992;299.933990;146.751999;21.11.24-15:16:46;6207.424805
21.11.24-15:30:00;1;0.043000;233.500000;6356.751953;6690.916992;299.933990;146.751999;21.11.24-15:25:03;6207.539062
21.11.24-15:40:00;1;0.122000;234.600006;6356.770996;6690.916992;299.933990;146.751999;21.11.24-15:39:59;6207.539062
21.11.24-15:50:00;1;0.482000;232.899994;6356.810059;6690.916992;299.933990;146.751999;21.11.24-15:49:59;6207.539062
21.11.24-16:00:00;1;0.212000;233.100006;6356.841797;6690.916992;299.933990;146.751999;21.11.24-15:55:00;6207.539062
21.11.24-16:10:00;1;0.297000;231.800003;6356.886230;6690.916992;299.933990;146.751999;21.11.24-16:05:01;6207.735840
21.11.24-16:20:00;1;4.808000;221.000000;6357.039062;6690.916992;299.933990;146.751999;21.11.24-16:15:24;6208.226074
21.11.24-16:30:00;1;4.812000;220.600006;6357.871094;6690.916992;299.933990;146.751999;21.11.24-16:25:00;6208.678223
21.11.24-16:40:00;1;4.872000;221.699997;6358.672852;6690.916992;299.933990;146.751999;21.11.24-16:35:06;6208.962891
21.11.24-16:50:00;1;5.060000;221.600006;6359.496094;6690.916992;299.933990;146.751999;21.11.24-16:46:28;6209.106934
21.11.24-17:00:00;1;5.037000;224.699997;6360.334961;6690.916992;299.933990;146.751999;21.11.24-16:55:03;6209.106934
21.11.24-17:10:00;1;6.417000;219.699997;6361.286133;6690.916992;299.933990;146.751999;21.11.24-17:05:04;6209.113770
21.11.24-17:20:00;1;5.515000;219.100006;6362.350098;6690.916992;299.933990;146.751999;21.11.24-17:16:36;6209.606934
21.11.24-17:30:00;1;5.897000;222.000000;6363.312988;6690.916992;299.933990;146.751999;21.11.24-17:24:59;6209.907227
21.11.24-17:40:00;1;4.969000;215.399994;6364.701172;6690.916992;299.933990;146.751999;21.11.24-17:35:07;6209.907227
21.11.24-17:50:00;1;6.051000;219.899994;6365.809082;6690.916992;299.933990;146.751999;21.11.24-17:45:38;6209.907227
21.11.24-18:00:00;1;6.182000;222.300003;6366.991211;6690.916992;299.933990;146.751999;21.11.24-17:55:04;6209.912109
21.11.24-18:10:00;1;5.273000;225.000000;6368.087891;6690.916992;299.933990;146.751999;21.11.24-18:05:03;6210.226074
21.11.24-18:20:00;1;5.350000;222.800003;6368.991211;6690.916992;299.933990;146.751999;21.11.24-18:15:34;6210.451172
21.11.24-18:30:00;1;0.956000;231.899994;6369.494141;6690.916992;299.933990;146.751999;21.11.24-18:25:01;6210.615234
21.11.24-18:40:00;1;1.007000;232.500000;6369.654785;6690.916992;299.933990;146.751999;21.11.24-18:35:01;6210.615234
21.11.24-18:50:00;1;0.942000;232.699997;6369.816895;6690.916992;299.933990;146.751999;21.11.24-18:46:10;6210.615234
21.11.24-19:00:00;1;0.806000;233.399994;6369.938965;6690.916992;299.933990;146.751999;21.11.24-18:55:04;6210.690918
21.11.24-19:10:00;1;0.750000;234.000000;6370.073242;6690.916992;299.933990;146.751999;21.11.24-19:09:59;6211.138184
21.11.24-19:20:00;1;0.719000;234.000000;6370.193848;6690.916992;299.933990;146.751999;21.11.24-19:16:00;6211.149902
21.11.24-19:30:00;1;1.920000;231.000000;6370.434082;6690.916992;299.933990;146.751999;21.11.24-19:25:01;6211.149902
21.11.24-19:40:00;1;2.027000;229.399994;6370.764160;6690.916992;299.933990;146.751999;21.11.24-19:35:07;6211.224121
21.11.24-19:50:00;1;1.002000;230.100006;6371.018066;6690.916992;299.933990;146.751999;21.11.24-19:46:10;6211.752930
21.11.24-20:00:00;1;1.005000;230.399994;6371.184082;6690.916992;299.933990;146.751999;21.11.24-19:55:05;6212.159180
21.11.24-20:10:00;1;0.765000;233.000000;6371.338867;6690.916992;299.933990;146.751999;21.11.24-20:10:00;6212.208984
21.11.24-20:20:00;1;0.986000;226.899994;6371.484863;6690.916992;299.933990;146.751999;21.11.24-20:16:08;6212.208984
21.11.24-20:30:00;1;0.603000;230.800003;6371.622070;6690.916992;299.933990;146.751999;21.11.24-20:25:03;6212.380859
21.11.24-20:40:00;1;0.517000;230.500000;6371.715820;6690.916992;299.933990;146.751999;21.11.24-20:35:04;6212.790039
21.11.24-20:50:00;1;0.607000;229.000000;6371.807129;6690.916992;299.933990;146.751999;21.11.24-20:49:58;6212.832031
21.11.24-21:00:00;2;0.385000;229.500000;6371.898926;6690.916992;299.933990;146.751999;21.11.24-20:54:59;6212.832031
21.11.24-21:10:00;2;0.465000;231.500000;6371.898926;6690.993164;299.933990;146.751999;21.11.24-21:04:58;6212.832031
21.11.24-21:20:00;2;0.378000;232.300003;6371.898926;6691.060059;299.933990;146.751999;21.11.24-21:19:58;6212.832031
21.11.24-21:30:00;2;0.423000;231.100006;6371.898926;6691.124023;299.933990;146.751999;21.11.24-21:25:04;6212.832031
21.11.24-21:40:00;2;0.438000;228.500000;6371.898926;6691.196777;299.933990;146.751999;21.11.24-21:35:00;6213.166992
21.11.24-21:50:00;2;0.470000;232.500000;6371.898926;6691.283203;299.933990;146.751999;21.11.24-21:46:04;6213.687012
21.11.24-22:00:00;2;0.580000;232.000000;6371.898926;6691.383789;299.933990;146.751999;21.11.24-21:55:00;6213.688965
21.11.24-22:10:00;2;0.446000;231.300003;6371.898926;6691.474121;299.933990;146.751999;21.11.24-22:09:59;6213.688965
21.11.24-22:20:00;2;0.446000;231.800003;6371.898926;6691.562012;299.933990;146.751999;21.11.24-22:16:44;6213.688965
21.11.24-22:30:00;2;0.421000;231.899994;6371.898926;6691.633789;299.933990;146.751999;21.11.24-22:25:05;6213.688965
21.11.24-22:40:00;2;0.561000;231.500000;6371.898926;6691.731934;299.933990;146.751999;21.11.24-22:35:00;6213.709961
21.11.24-22:50:00;2;0.547000;230.100006;6371.898926;6691.826172;299.933990;146.751999;21.11.24-22:49:58;6214.361816
21.11.24-23:00:00;2;0.455000;230.699997;6371.898926;6691.909180;299.933990;146.751999;21.11.24-22:55:06;6214.496094
21.11.24-23:10:00;2;0.446000;230.500000;6371.898926;6691.981934;299.933990;146.751999;21.11.24-23:05:06;6214.496094
21.11.24-23:20:00;2;0.547000;230.500000;6371.898926;6692.060059;299.933990;146.751999;21.11.24-23:16:17;6214.496094
21.11.24-23:30:00;2;0.331000;230.800003;6371.898926;6692.132812;299.933990;146.751999;21.11.24-23:25:03;6214.496094
21.11.24-23:40:00;2;0.226000;230.300003;6371.898926;6692.174805;299.933990;146.751999;21.11.24-23:35:07;6214.496094
21.11.24-23:50:00;2;0.221000;230.199997;6371.898926;6692.212891;299.933990;146.751999;21.11.24-23:45:35;6214.496094
22.11.24-00:00:00;2;0.247000;230.500000;6371.898926;6692.251953;299.933990;146.751999;21.11.24-23:55:05;6214.496094
22.11.24-00:10:00;2;0.229000;231.000000;6371.898926;6692.301758;299.933990;146.751999;22.11.24-00:05:04;6214.496094
22.11.24-00:20:00;2;0.223000;231.300003;6371.898926;6692.339844;299.933990;146.751999;22.11.24-00:16:33;6214.496094
22.11.24-00:30:00;2;0.241000;231.399994;6371.898926;6692.377930;299.933990;146.751999;22.11.24-00:25:06;6214.496094
22.11.24-00:40:00;2;0.179000;232.500000;6371.898926;6692.416016;299.933990;146.751999;22.11.24-00:35:02;6214.496094
22.11.24-00:50:00;2;0.179000;232.199997;6371.898926;6692.444824;299.933990;146.751999;22.11.24-00:45:21;6214.496094
22.11.24-01:00:00;2;0.205000;232.300003;6371.898926;6692.486816;299.933990;146.751999;22.11.24-00:55:08;6214.496094
22.11.24-01:10:00;2;0.250000;233.899994;6371.898926;6692.521973;299.933990;146.751999;22.11.24-01:05:00;6214.496094
22.11.24-01:20:00;2;0.248000;234.699997;6371.898926;6692.563965;299.933990;146.751999;22.11.24-01:15:43;6214.496094
22.11.24-01:30:00;2;0.199000;234.300003;6371.898926;6692.604004;299.933990;146.751999;22.11.24-01:25:03;6214.497070
22.11.24-01:40:00;2;0.212000;234.600006;6371.898926;6692.637207;299.933990;146.751999;22.11.24-01:35:04;6214.497070
22.11.24-01:50:00;2;0.315000;235.800003;6371.898926;6692.674805;299.933990;146.751999;22.11.24-01:46:39;6214.497070
22.11.24-02:00:00;2;4.618000;222.699997;6371.898926;6692.738770;299.933990;146.751999;22.11.24-01:55:01;6214.497070
22.11.24-02:10:00;2;4.618000;224.699997;6371.898926;6693.506836;299.933990;146.751999;22.11.24-02:05:08;6214.497070
22.11.24-02:20:00;2;4.585000;223.199997;6371.898926;6694.274902;299.933990;146.751999;22.11.24-02:16:41;6214.497070
22.11.24-02:30:00;2;4.653000;225.500000;6371.898926;6695.044922;299.933990;146.751999;22.11.24-02:25:00;6214.497070
22.11.24-02:40:00;2;4.628000;225.600006;6371.898926;6695.817871;299.933990;146.751999;22.11.24-02:35:08;6214.497070
22.11.24-02:50:00;2;0.322000;234.600006;6371.898926;6696.547852;299.933990;146.751999;22.11.24-02:45:55;6214.497070
22.11.24-03:00:00;2;0.236000;234.199997;6371.898926;6696.591797;299.933990;146.751999;22.11.24-02:55:05;6214.497070
22.11.24-03:10:00;2;4.592000;225.399994;6371.898926;6697.167969;299.933990;146.751999;22.11.24-03:05:08;6214.497070
22.11.24-03:20:00;2;4.597000;226.000000;6371.898926;6697.932129;299.933990;146.751999;22.11.24-03:15:27;6214.497070
22.11.24-03:30:00;2;4.611000;225.899994;6371.898926;6698.694824;299.933990;146.751999;22.11.24-03:25:02;6214.497070
22.11.24-03:40:00;2;4.606000;224.800003;6371.898926;6699.463867;299.933990;146.751999;22.11.24-03:35:02;6214.497070
22.11.24-03:50:00;2;4.706000;224.399994;6371.898926;6700.231934;299.933990;146.751999;22.11.24-03:45:53;6214.497070
22.11.24-04:00:00;2;4.648000;225.399994;6371.898926;6701.008789;299.933990;146.751999;22.11.24-03:55:00;6214.497070
22.11.24-04:10:00;2;4.587000;223.300003;6371.898926;6701.778809;299.933990;146.751999;22.11.24-04:05:05;6214.497070
22.11.24-04:20:00;2;4.650000;224.699997;6371.898926;6702.546875;299.933990;146.751999;22.11.24-04:15:37;6214.497070
22.11.24-04:30:00;2;4.600000;224.000000;6371.898926;6703.312988;299.933990;146.751999;22.11.24-04:25:02;6214.497070
22.11.24-04:40:00;2;4.558000;224.300003;6371.898926;6704.074219;299.933990;146.751999;22.11.24-04:35:07;6214.497070
22.11.24-04:50:00;2;4.641000;224.500000;6371.898926;6704.838867;299.933990;146.751999;22.11.24-04:49:59;6214.740234
22.11.24-05:00:00;2;4.754000;222.800003;6371.898926;6705.625000;299.933990;146.751999;22.11.24-04:55:01;6214.976074
22.11.24-05:10:00;2;4.701000;226.199997;6371.898926;6706.412109;299.933990;146.751999;22.11.24-05:05:03;6215.452148
22.11.24-05:20:00;2;4.684000;226.600006;6371.898926;6707.194824;299.933990;146.751999;22.11.24-05:16:27;6215.790039
22.11.24-05:30:00;2;4.702000;225.600006;6371.898926;6707.974121;299.933990;146.751999;22.11.24-05:25:02;6215.851074
22.11.24-05:40:00;2;4.684000;224.899994;6371.898926;6708.755859;299.933990;146.751999;22.11.24-05:35:00;6216.238770
22.11.24-05:50:00;2;4.722000;225.100006;6371.898926;6709.536133;299.933990;146.751999;22.11.24-05:45:51;6216.609863
22.11.24-06:00:00;1;4.606000;226.800003;6371.898926;6710.310059;299.933990;146.751999;22.11.24-05:55:05;6216.857910
22.11.24-06:10:00;1;4.577000;223.699997;6372.662109;6710.310059;299.933990;146.751999;22.11.24-06:09:59;6216.891113
22.11.24-06:20:00;1;4.632000;222.899994;6373.426758;6710.310059;299.933990;146.751999;22.11.24-06:16:03;6216.891113
22.11.24-06:30:00;1;4.616000;222.100006;6374.200195;6710.310059;299.933990;146.751999;22.11.24-06:25:06;6217.087891
22.11.24-06:40:00;1;4.568000;221.899994;6374.974121;6710.310059;299.933990;146.751999;22.11.24-06:35:05;6217.425781
22.11.24-06:50:00;1;0.224000;232.100006;6375.480957;6710.310059;299.933990;146.751999;22.11.24-06:46:47;6217.466797
22.11.24-07:00:00;1;0.254000;233.800003;6375.520996;6710.310059;299.933990;146.751999;22.11.24-06:55:07;6217.466797
22.11.24-07:10:00;1;0.376000;232.899994;6375.576172;6710.310059;299.933990;146.751999;22.11.24-07:05:03;6217.512207
22.11.24-07:20:00;1;0.402000;232.800003;6375.643066;6710.310059;299.933990;146.751999;22.11.24-07:16:25;6217.997070
22.11.24-07:30:00;1;1.455000;231.399994;6375.687012;6710.310059;299.933990;146.751999;22.11.24-07:25:00;6218.057129
22.11.24-07:40:00;1;4.626000;222.600006;6376.471191;6710.310059;299.933990;146.751999;22.11.24-07:35:00;6218.057129
22.11.24-07:50:00;1;4.805000;225.600006;6377.261230;6710.310059;299.933990;146.751999;22.11.24-07:45:37;6218.195801
22.11.24-08:00:00;1;0.408000;234.300003;6377.355957;6710.310059;299.933990;146.751999;22.11.24-07:55:05;6218.615234
22.11.24-08:10:00;1;0.276000;233.899994;6377.416016;6710.310059;299.933990;146.751999;22.11.24-08:04:59;6218.907227
22.11.24-08:20:00;1;0.252000;232.399994;6377.459961;6710.310059;299.933990;146.751999;22.11.24-08:20:00;6218.921875
22.11.24-08:30:00;1;0.387000;229.899994;6377.523926;6710.310059;299.933990;146.751999;22.11.24-08:25:05;6219.025879
22.11.24-08:40:00;1;0.363000;230.600006;6377.580078;6710.310059;299.933990;146.751999;22.11.24-08:34:59;6219.258789
22.11.24-08:50:00;1;1.002000;229.600006;6377.661133;6710.310059;299.933990;146.751999;22.11.24-08:46:57;6219.258789
22.11.24-09:00:00;1;0.000000;234.800003;6377.740234;6710.310059;299.933990;146.751999;22.11.24-08:55:01;6219.258789
22.11.24-09:10:00;1;0.245000;234.800003;6377.755859;6710.310059;299.936005;146.751999;22.11.24-09:05:07;6219.258789
22.11.24-09:20:00;1;0.177000;233.800003;6377.793945;6710.310059;299.936005;146.751999;22.11.24-09:15:37;6219.258789
22.11.24-09:30:00;1;0.010000;238.800003;6377.807129;6710.310059;299.936005;146.751999;22.11.24-09:25:03;6219.258789
22.11.24-09:40:00;1;0.254000;234.000000;6377.826172;6710.310059;299.936005;146.751999;22.11.24-09:39:59;6219.258789
22.11.24-09:50:00;1;0.337000;233.699997;6377.942871;6710.310059;299.936005;146.751999;22.11.24-09:46:09;6219.258789
22.11.24-10:00:00;1;0.725000;233.100006;6378.017090;6710.310059;299.936005;146.751999;22.11.24-09:54:59;6219.258789
22.11.24-10:10:00;1;0.574000;232.500000;6378.109863;6710.310059;299.936005;146.751999;22.11.24-10:05:00;6219.258789
22.11.24-10:20:00;1;1.027000;229.399994;6378.232910;6710.310059;299.936005;146.751999;22.11.24-10:15:59;6219.258789
22.11.24-10:30:00;1;1.084000;229.699997;6378.412109;6710.310059;299.936005;146.751999;22.11.24-10:25:01;6219.428223
22.11.24-10:40:00;1;0.538000;230.199997;6378.558105;6710.310059;299.936005;146.751999;22.11.24-10:39:59;6219.574219
22.11.24-10:50:00;1;0.309000;227.500000;6378.634766;6710.310059;299.936005;146.751999;22.11.24-10:46:25;6219.622070
22.11.24-11:00:00;1;0.384000;232.899994;6378.687012;6710.310059;299.936005;146.751999;22.11.24-10:55:08;6220.013184
22.11.24-11:10:00;1;0.659000;229.899994;6378.745117;6710.310059;299.936005;146.751999;22.11.24-11:05:04;6220.469238
22.11.24-11:20:00;1;0.000000;232.300003;6378.799805;6710.310059;299.936005;146.751999;22.11.24-11:16:43;6220.507812
22.11.24-11:30:00;1;0.000000;233.399994;6378.826172;6710.310059;299.963013;146.751999;22.11.24-11:25:06;6220.507812
22.11.24-11:40:00;1;0.000000;232.600006;6378.854004;6710.310059;299.967987;146.751999;22.11.24-11:35:01;6220.507812
22.11.24-11:50:00;1;0.326000;231.699997;6378.913086;6710.310059;299.973999;146.751999;22.11.24-11:46:26;6220.507812
22.11.24-12:00:00;1;0.247000;234.199997;6378.942871;6710.310059;299.984985;146.751999;22.11.24-11:55:00;6220.507812
22.11.24-12:10:00;1;0.371000;235.699997;6379.000977;6710.310059;299.984985;146.751999;22.11.24-12:05:01;6220.507812
22.11.24-12:20:00;1;0.057000;236.800003;6379.062012;6710.310059;299.984985;146.751999;22.11.24-12:16:30;6220.507812
22.11.24-12:30:00;1;0.399000;236.399994;6379.074219;6710.310059;300.006012;146.751999;22.11.24-12:25:04;6220.507812
22.11.24-12:40:00;1;0.000000;241.100006;6379.076172;6710.310059;300.032013;146.751999;22.11.24-12:35:00;6220.814941
22.11.24-12:50:00;1;0.000000;245.699997;6379.092773;6710.310059;300.035004;146.751999;22.11.24-12:45:10;6221.272949
22.11.24-13:00:00;1;0.341000;240.300003;6379.192871;6710.310059;300.058014;146.751999;22.11.24-12:54:59;6221.297852
22.11.24-13:10:00;1;0.000000;241.300003;6379.201172;6710.310059;300.127991;146.751999;22.11.24-13:05:06;6221.297852
22.11.24-13:20:00;1;0.510000;235.500000;6379.269043;6710.310059;300.139008;146.751999;22.11.24-13:15:20;6221.297852
22.11.24-13:30:00;1;0.000000;234.199997;6379.331055;6710.310059;300.148987;146.751999;22.11.24-13:24:59;6221.297852
22.11.24-13:40:00;1;0.000000;237.500000;6379.331055;6710.310059;300.197998;146.751999;22.11.24-13:39:58;6221.297852
22.11.24-13:50:00;1;0.000000;234.399994;6379.331055;6710.310059;300.253998;146.751999;22.11.24-13:46:52;6221.297852
22.11.24-14:00:00;1;0.167000;235.399994;6379.336914;6710.310059;300.259003;146.751999;22.11.24-13:54:58;6221.297852
22.11.24-14:10:00;1;0.000000;233.199997;6379.538086;6710.310059;300.259003;146.751999;22.11.24-14:04:59;6221.419922
22.11.24-14:20:00;1;0.333000;231.800003;6379.569824;6710.310059;300.266998;146.751999;22.11.24-14:16:04;6221.590820
22.11.24-14:30:00;1;0.000000;237.000000;6379.578125;6710.310059;300.345001;146.751999;22.11.24-14:25:00;6221.995117
22.11.24-14:40:00;1;0.000000;237.800003;6379.578125;6710.310059;300.451996;146.751999;22.11.24-14:35:06;6222.012207
22.11.24-14:50:00;1;0.000000;236.500000;6379.578125;6710.310059;300.558990;146.751999;22.11.24-14:45:44;6222.012207
22.11.24-15:00:00;1;0.195000;233.000000;6379.581055;6710.310059;300.584015;146.751999;22.11.24-14:55:02;6222.012207
22.11.24-15:10:00;1;0.208000;233.699997;6379.611816;6710.310059;300.584015;146.751999;22.11.24-15:05:02;6222.012207
22.11.24-15:20:00;1;0.115000;232.800003;6379.650879;6710.310059;300.584015;146.751999;22.11.24-15:16:14;6222.013184
22.11.24-15:30:00;1;1.108000;234.000000;6379.750000;6710.310059;300.584015;146.751999;22.11.24-15:25:07;6222.013184
22.11.24-15:40:00;1;0.521000;233.600006;6379.852051;6710.310059;300.584015;146.751999;22.11.24-15:35:00;6222.013184
22.11.24-15:50:00;1;0.435000;228.600006;6379.918945;6710.310059;300.584015;146.751999;22.11.24-15:45:26;6222.013184
22.11.24-16:00:00;1;0.170000;234.800003;6379.972168;6710.310059;300.584015;146.751999;22.11.24-15:54:59;6222.013184
22.11.24-16:10:00;1;0.386000;232.399994;6380.011230;6710.310059;300.584015;146.751999;22.11.24-16:09:58;6222.230957
22.11.24-16:20:00;1;0.290000;234.399994;6380.067871;6710.310059;300.584015;146.751999;22.11.24-16:16:36;6222.513184
22.11.24-16:30:00;1;2.429000;228.100006;6380.183105;6710.310059;300.584015;146.751999;22.11.24-16:25:05;6222.529785
22.11.24-16:40:00;1;0.938000;231.399994;6380.341797;6710.310059;300.584015;146.751999;22.11.24-16:35:06;6222.937988
22.11.24-16:50:00;1;1.071000;226.800003;6380.519043;6710.310059;300.584015;146.751999;22.11.24-16:46:32;6223.232910
22.11.24-17:00:00;1;1.086000;227.800003;6380.700195;6710.310059;300.584015;146.751999;22.11.24-16:55:04;6223.232910
22.11.24-17:10:00;1;1.256000;229.899994;6380.892090;6710.310059;300.584015;146.751999;22.11.24-17:05:07;6223.232910
22.11.24-17:20:00;1;1.245000;230.199997;6381.095215;6710.310059;300.584015;146.751999;22.11.24-17:15:46;6223.232910
22.11.24-17:30:00;1;1.272000;230.000000;6381.312988;6710.310059;300.584015;146.751999;22.11.24-17:25:01;6223.362793
22.11.24-17:40:00;1;1.283000;229.699997;6381.525879;6710.310059;300.584015;146.751999;22.11.24-17:35:04;6223.711914
22.11.24-17:50:00;1;1.367000;231.399994;6381.744141;6710.310059;300.584015;146.751999;22.11.24-17:45:34;6223.908203
22.11.24-18:00:00;1;1.270000;233.699997;6381.977051;6710.310059;300.584015;146.751999;22.11.24-17:55:06;6223.916016
22.11.24-18:10:00;1;3.232000;220.899994;6382.189941;6710.310059;300.584015;146.751999;22.11.24-18:01:04;6223.916016
22.11.24-18:20:00;1;2.969000;223.800003;6382.707031;6710.310059;300.584015;146.751999;22.11.24-18:10:03;6223.916016
22.11.24-18:30:00;1;2.591000;223.100006;6383.183105;6710.310059;300.584015;146.751999;22.11.24-18:25:02;6224.048828
22.11.24-18:40:00;1;0.956000;230.100006;6383.399902;6710.310059;300.584015;146.751999;22.11.24-18:35:02;6224.490234
22.11.24-18:50:00;1;0.655000;229.000000;6383.522949;6710.310059;300.584015;146.751999;22.11.24-18:46:48;6224.570801
22.11.24-19:00:00;1;0.658000;231.899994;6383.632812;6710.310059;300.584015;146.751999;22.11.24-18:55:03;6224.570801
22.11.24-19:10:00;1;0.700000;234.399994;6383.747070;6710.310059;300.584015;146.751999;22.11.24-19:05:03;6224.570801
22.11.24-19:20:00;1;0.744000;234.100006;6383.874023;6710.310059;300.584015;146.751999;22.11.24-19:15:36;6224.570801
22.11.24-19:30:00;1;0.896000;234.699997;6384.002930;6710.310059;300.584015;146.751999;22.11.24-19:25:01;6224.570801
22.11.24-19:40:00;1;0.964000;230.699997;6384.162109;6710.310059;300.584015;146.751999;22.11.24-19:35:04;6224.570801
22.11.24-19:50:00;1;0.944000;236.399994;6384.325195;6710.310059;300.584015;146.751999;22.11.24-19:49:58;6224.570801
22.11.24-20:00:00;1;0.904000;235.199997;6384.485840;6710.310059;300.584015;146.751999;22.11.24-19:55:03;6224.570801
22.11.24-20:10:00;1;0.740000;236.600006;6384.619141;6710.310059;300.584015;146.751999;22.11.24-20:05:07;6224.570801
22.11.24-20:20:00;1;0.896000;234.899994;6384.756836;6710.310059;300.584015;146.751999;22.11.24-20:20:00;6224.570801
22.11.24-20:30:00;1;0.980000;235.300003;6384.911133;6710.310059;300.584015;146.751999;22.11.24-20:25:04;6224.690918
22.11.24-20:40:00;1;0.817000;236.399994;6385.331055;6710.310059;300.584015;146.751999;22.11.24-20:35:06;6224.842773
22.11.24-20:50:00;1;0.908000;233.899994;6385.459961;6710.310059;300.584015;146.751999;22.11.24-20:45:56;6224.842773
22.11.24-21:00:00;2;0.648000;238.000000;6385.592773;6710.310059;300.584015;146.751999;22.11.24-20:55:06;6225.078125
22.11.24-21:10:00;2;0.520000;237.100006;6385.592773;6710.407227;300.584015;146.751999;22.11.24-21:05:06;6225.527832
22.11.24-21:20:00;2;0.714000;237.500000;6385.592773;6710.517090;300.584015;146.751999;22.11.24-21:16:48;6225.627930
22.11.24-21:30:00;2;0.478000;238.300003;6385.592773;6710.625977;300.584015;146.751999;22.11.24-21:25:01;6225.627930
22.11.24-21:40:00;2;0.435000;238.600006;6385.592773;6710.716797;300.584015;146.751999;22.11.24-21:34:59;6225.627930
22.11.24-21:50:00;2;0.442000;231.800003;6385.592773;6710.788086;300.584015;146.751999;22.11.24-21:49:58;6225.627930
22.11.24-22:00:00;2;0.408000;232.300003;6385.592773;6710.858887;300.584015;146.751999;22.11.24-21:55:04;6225.627930
22.11.24-22:10:00;2;2.461000;231.699997;6385.592773;6711.237793;300.584015;146.751999;22.11.24-22:09:58;6225.855957
22.11.24-22:20:00;2;0.727000;234.000000;6385.592773;6711.523926;300.584015;146.751999;22.11.24-22:19:59;6225.891113
00.00.00-00:00:00;0;0.000000;000.000000;0000;000000;0000.000000;000.000000;000.000000;00.00.00-00:00:00;0000.000000